Wavel.[nm]  	MAT._REFRACTIVE_INDEX  	MAT._ABSORPTION    

240.000	2.3882	0.0054
241.131	2.3838	0.0051
242.261	2.3796	0.0048
243.392	2.3754	0.0045
244.522	2.3714	0.0042
245.653	2.3674	0.0040
246.783	2.3635	0.0037
247.914	2.3596	0.0035
249.045	2.3558	0.0033
250.175	2.3522	0.0031
251.306	2.3485	0.0029
252.436	2.3450	0.0027
253.567	2.3415	0.0025
254.697	2.3381	0.0023
255.828	2.3347	0.0021
256.958	2.3314	0.0020
258.089	2.3281	0.0018
259.220	2.3250	0.0017
260.350	2.3218	0.0015
261.481	2.3188	0.0014
262.611	2.3157	0.0013
263.742	2.3128	0.0012
264.872	2.3099	0.0011
266.003	2.3070	0.0010
267.134	2.3042	0.0009
268.264	2.3014	0.0008
269.395	2.2987	0.0007
270.525	2.2961	0.0006
271.656	2.2934	0.0005
272.786	2.2909	0.0005
273.917	2.2883	0.0004
275.048	2.2858	0.0003
276.178	2.2834	0.0003
277.309	2.2810	0.0002
278.439	2.2786	0.0002
279.570	2.2763	0.0002
280.700	2.2740	0.0001
281.831	2.2717	0.0001
282.961	2.2695	0.0001
284.092	2.2673	0.0000
285.223	2.2652	0.0000
286.353	2.2631	0.0000
287.484	2.2610	0.0000
288.614	2.2589	0.0000
289.745	2.2569	0.0000
290.875	2.2550	0.0000
292.006	2.2530	0.0000
293.137	2.2511	0.0000
294.267	2.2493	0.0000
295.398	2.2474	0.0000
296.528	2.2456	0.0000
297.659	2.2438	0.0000
298.789	2.2421	0.0000
299.920	2.2403	0.0000
301.051	2.2386	0.0000
302.181	2.2370	0.0000
303.312	2.2353	0.0000
304.442	2.2337	0.0000
305.573	2.2321	0.0000
306.703	2.2305	0.0000
307.834	2.2289	0.0000
308.964	2.2274	0.0000
310.095	2.2259	0.0000
311.226	2.2244	0.0000
312.356	2.2229	0.0000
313.487	2.2215	0.0000
314.617	2.2200	0.0000
315.748	2.2186	0.0000
316.878	2.2172	0.0000
318.009	2.2159	0.0000
319.140	2.2145	0.0000
320.270	2.2132	0.0000
321.401	2.2119	0.0000
322.531	2.2106	0.0000
323.662	2.2093	0.0000
324.792	2.2080	0.0000
325.923	2.2068	0.0000
327.054	2.2055	0.0000
328.184	2.2043	0.0000
329.315	2.2031	0.0000
330.445	2.2019	0.0000
331.576	2.2007	0.0000
332.706	2.1996	0.0000
333.837	2.1984	0.0000
334.967	2.1973	0.0000
336.098	2.1962	0.0000
337.229	2.1951	0.0000
338.359	2.1940	0.0000
339.490	2.1929	0.0000
340.620	2.1919	0.0000
341.751	2.1908	0.0000
342.881	2.1898	0.0000
344.012	2.1888	0.0000
345.143	2.1878	0.0000
346.273	2.1868	0.0000
347.404	2.1858	0.0000
348.534	2.1848	0.0000
349.665	2.1838	0.0000
350.795	2.1829	0.0000
351.926	2.1820	0.0000
353.057	2.1810	0.0000
354.187	2.1801	0.0000
355.318	2.1792	0.0000
356.448	2.1783	0.0000
357.579	2.1774	0.0000
358.709	2.1765	0.0000
359.840	2.1757	0.0000
360.970	2.1748	0.0000
362.101	2.1740	0.0000
363.232	2.1731	0.0000
364.362	2.1723	0.0000
365.493	2.1715	0.0000
366.623	2.1707	0.0000
367.754	2.1699	0.0000
368.884	2.1691	0.0000
370.015	2.1683	0.0000
371.146	2.1675	0.0000
372.276	2.1667	0.0000
373.407	2.1660	0.0000
374.537	2.1652	0.0000
375.668	2.1645	0.0000
376.798	2.1637	0.0000
377.929	2.1630	0.0000
379.060	2.1623	0.0000
380.190	2.1616	0.0000
381.321	2.1609	0.0000
382.451	2.1602	0.0000
383.582	2.1595	0.0000
384.712	2.1588	0.0000
385.843	2.1581	0.0000
386.973	2.1574	0.0000
388.104	2.1568	0.0000
389.235	2.1561	0.0000
390.365	2.1555	0.0000
391.496	2.1548	0.0000
392.626	2.1542	0.0000
393.757	2.1536	0.0000
394.887	2.1529	0.0000
396.018	2.1523	0.0000
397.149	2.1517	0.0000
398.279	2.1511	0.0000
399.410	2.1505	0.0000
400.540	2.1499	0.0000
401.671	2.1493	0.0000
402.801	2.1487	0.0000
403.932	2.1482	0.0000
405.063	2.1476	0.0000
406.193	2.1470	0.0000
407.324	2.1465	0.0000
408.454	2.1459	0.0000
409.585	2.1453	0.0000
410.715	2.1448	0.0000
411.846	2.1443	0.0000
412.976	2.1437	0.0000
414.107	2.1432	0.0000
415.238	2.1427	0.0000
416.368	2.1421	0.0000
417.499	2.1416	0.0000
418.629	2.1411	0.0000
419.760	2.1406	0.0000
420.890	2.1401	0.0000
422.021	2.1396	0.0000
423.152	2.1391	0.0000
424.282	2.1386	0.0000
425.413	2.1381	0.0000
426.543	2.1377	0.0000
427.674	2.1372	0.0000
428.804	2.1367	0.0000
429.935	2.1363	0.0000
431.066	2.1358	0.0000
432.196	2.1353	0.0000
433.327	2.1349	0.0000
434.457	2.1344	0.0000
435.588	2.1340	0.0000
436.718	2.1335	0.0000
437.849	2.1331	0.0000
438.979	2.1327	0.0000
440.110	2.1322	0.0000
441.241	2.1318	0.0000
442.371	2.1314	0.0000
443.502	2.1310	0.0000
444.632	2.1305	0.0000
445.763	2.1301	0.0000
446.893	2.1297	0.0000
448.024	2.1293	0.0000
449.155	2.1289	0.0000
450.285	2.1285	0.0000
451.416	2.1281	0.0000
452.546	2.1277	0.0000
453.677	2.1273	0.0000
454.807	2.1270	0.0000
455.938	2.1266	0.0000
457.069	2.1262	0.0000
458.199	2.1258	0.0000
459.330	2.1254	0.0000
460.460	2.1251	0.0000
461.591	2.1247	0.0000
462.721	2.1243	0.0000
463.852	2.1240	0.0000
464.982	2.1236	0.0000
466.113	2.1233	0.0000
467.244	2.1229	0.0000
468.374	2.1226	0.0000
469.505	2.1222	0.0000
470.635	2.1219	0.0000
471.766	2.1215	0.0000
472.896	2.1212	0.0000
474.027	2.1208	0.0000
475.158	2.1205	0.0000
476.288	2.1202	0.0000
477.419	2.1199	0.0000
478.549	2.1195	0.0000
479.680	2.1192	0.0000
480.810	2.1189	0.0000
481.941	2.1186	0.0000
483.072	2.1182	0.0000
484.202	2.1179	0.0000
485.333	2.1176	0.0000
486.463	2.1173	0.0000
487.594	2.1170	0.0000
488.724	2.1167	0.0000
489.855	2.1164	0.0000
490.985	2.1161	0.0000
492.116	2.1158	0.0000
493.247	2.1155	0.0000
494.377	2.1152	0.0000
495.508	2.1149	0.0000
496.638	2.1146	0.0000
497.769	2.1143	0.0000
498.899	2.1141	0.0000
500.030	2.1138	0.0000
501.161	2.1135	0.0000
502.291	2.1132	0.0000
503.422	2.1129	0.0000
504.552	2.1127	0.0000
505.683	2.1124	0.0000
506.813	2.1121	0.0000
507.944	2.1119	0.0000
509.075	2.1116	0.0000
510.205	2.1113	0.0000
511.336	2.1111	0.0000
512.466	2.1108	0.0000
513.597	2.1105	0.0000
514.727	2.1103	0.0000
515.858	2.1100	0.0000
516.988	2.1098	0.0000
518.119	2.1095	0.0000
519.250	2.1093	0.0000
520.380	2.1090	0.0000
521.511	2.1088	0.0000
522.641	2.1085	0.0000
523.772	2.1083	0.0000
524.902	2.1081	0.0000
526.033	2.1078	0.0000
527.164	2.1076	0.0000
528.294	2.1073	0.0000
529.425	2.1071	0.0000
530.555	2.1069	0.0000
531.686	2.1066	0.0000
532.816	2.1064	0.0000
533.947	2.1062	0.0000
535.078	2.1060	0.0000
536.208	2.1057	0.0000
537.339	2.1055	0.0000
538.469	2.1053	0.0000
539.600	2.1051	0.0000
540.730	2.1049	0.0000
541.861	2.1046	0.0000
542.991	2.1044	0.0000
544.122	2.1042	0.0000
545.253	2.1040	0.0000
546.383	2.1038	0.0000
547.514	2.1036	0.0000
548.644	2.1034	0.0000
549.775	2.1032	0.0000
550.905	2.1030	0.0000
552.036	2.1027	0.0000
553.167	2.1025	0.0000
554.297	2.1023	0.0000
555.428	2.1021	0.0000
556.558	2.1019	0.0000
557.689	2.1017	0.0000
558.819	2.1015	0.0000
559.950	2.1014	0.0000
561.081	2.1012	0.0000
562.211	2.1010	0.0000
563.342	2.1008	0.0000
564.472	2.1006	0.0000
565.603	2.1004	0.0000
566.733	2.1002	0.0000
567.864	2.1000	0.0000
568.994	2.0998	0.0000
570.125	2.0996	0.0000
571.256	2.0995	0.0000
572.386	2.0993	0.0000
573.517	2.0991	0.0000
574.647	2.0989	0.0000
575.778	2.0987	0.0000
576.908	2.0986	0.0000
578.039	2.0984	0.0000
579.170	2.0982	0.0000
580.300	2.0980	0.0000
581.431	2.0979	0.0000
582.561	2.0977	0.0000
583.692	2.0975	0.0000
584.822	2.0974	0.0000
585.953	2.0972	0.0000
587.084	2.0970	0.0000
588.214	2.0968	0.0000
589.345	2.0967	0.0000
590.475	2.0965	0.0000
591.606	2.0964	0.0000
592.736	2.0962	0.0000
593.867	2.0960	0.0000
594.997	2.0959	0.0000
596.128	2.0957	0.0000
597.259	2.0955	0.0000
598.389	2.0954	0.0000
599.520	2.0952	0.0000
600.650	2.0951	0.0000
601.781	2.0949	0.0000
602.911	2.0948	0.0000
604.042	2.0946	0.0000
605.173	2.0945	0.0000
606.303	2.0943	0.0000
607.434	2.0942	0.0000
608.564	2.0940	0.0000
609.695	2.0939	0.0000
610.825	2.0937	0.0000
611.956	2.0936	0.0000
613.087	2.0934	0.0000
614.217	2.0933	0.0000
615.348	2.0931	0.0000
616.478	2.0930	0.0000
617.609	2.0928	0.0000
618.739	2.0927	0.0000
619.870	2.0926	0.0000
621.001	2.0924	0.0000
622.131	2.0923	0.0000
623.262	2.0921	0.0000
624.392	2.0920	0.0000
625.523	2.0919	0.0000
626.653	2.0917	0.0000
627.784	2.0916	0.0000
628.914	2.0915	0.0000
630.045	2.0913	0.0000
631.176	2.0912	0.0000
632.306	2.0911	0.0000
633.437	2.0909	0.0000
634.567	2.0908	0.0000
635.698	2.0907	0.0000
636.828	2.0905	0.0000
637.959	2.0904	0.0000
639.090	2.0903	0.0000
640.220	2.0901	0.0000
641.351	2.0900	0.0000
642.481	2.0899	0.0000
643.612	2.0898	0.0000
644.742	2.0896	0.0000
645.873	2.0895	0.0000
647.004	2.0894	0.0000
648.134	2.0893	0.0000
649.265	2.0892	0.0000
650.395	2.0890	0.0000
651.526	2.0889	0.0000
652.656	2.0888	0.0000
653.787	2.0887	0.0000
654.917	2.0886	0.0000
656.048	2.0884	0.0000
657.179	2.0883	0.0000
658.309	2.0882	0.0000
659.440	2.0881	0.0000
660.570	2.0880	0.0000
661.701	2.0879	0.0000
662.831	2.0877	0.0000
663.962	2.0876	0.0000
665.093	2.0875	0.0000
666.223	2.0874	0.0000
667.354	2.0873	0.0000
668.484	2.0872	0.0000
669.615	2.0871	0.0000
670.745	2.0870	0.0000
671.876	2.0868	0.0000
673.007	2.0867	0.0000
674.137	2.0866	0.0000
675.268	2.0865	0.0000
676.398	2.0864	0.0000
677.529	2.0863	0.0000
678.659	2.0862	0.0000
679.790	2.0861	0.0000
680.920	2.0860	0.0000
682.051	2.0859	0.0000
683.182	2.0858	0.0000
684.312	2.0857	0.0000
685.443	2.0856	0.0000
686.573	2.0855	0.0000
687.704	2.0854	0.0000
688.834	2.0853	0.0000
689.965	2.0852	0.0000
691.096	2.0851	0.0000
692.226	2.0850	0.0000
693.357	2.0849	0.0000
694.487	2.0848	0.0000
695.618	2.0847	0.0000
696.748	2.0846	0.0000
697.879	2.0845	0.0000
699.010	2.0844	0.0000
700.140	2.0843	0.0000
701.271	2.0842	0.0000
702.401	2.0841	0.0000
703.532	2.0840	0.0000
704.662	2.0839	0.0000
705.793	2.0838	0.0000
706.923	2.0837	0.0000
708.054	2.0836	0.0000
709.185	2.0835	0.0000
710.315	2.0834	0.0000
711.446	2.0833	0.0000
712.576	2.0833	0.0000
713.707	2.0832	0.0000
714.837	2.0831	0.0000
715.968	2.0830	0.0000
717.099	2.0829	0.0000
718.229	2.0828	0.0000
719.360	2.0827	0.0000
720.490	2.0826	0.0000
721.621	2.0825	0.0000
722.751	2.0825	0.0000
723.882	2.0824	0.0000
725.013	2.0823	0.0000
726.143	2.0822	0.0000
727.274	2.0821	0.0000
728.404	2.0820	0.0000
729.535	2.0819	0.0000
730.665	2.0819	0.0000
731.796	2.0818	0.0000
732.926	2.0817	0.0000
734.057	2.0816	0.0000
735.188	2.0815	0.0000
736.318	2.0814	0.0000
737.449	2.0814	0.0000
738.579	2.0813	0.0000
739.710	2.0812	0.0000
740.840	2.0811	0.0000
741.971	2.0810	0.0000
743.102	2.0810	0.0000
744.232	2.0809	0.0000
745.363	2.0808	0.0000
746.493	2.0807	0.0000
747.624	2.0806	0.0000
748.754	2.0806	0.0000
749.885	2.0805	0.0000
751.016	2.0804	0.0000
752.146	2.0803	0.0000
753.277	2.0803	0.0000
754.407	2.0802	0.0000
755.538	2.0801	0.0000
756.668	2.0800	0.0000
757.799	2.0800	0.0000
758.929	2.0799	0.0000
760.060	2.0798	0.0000
761.191	2.0797	0.0000
762.321	2.0797	0.0000
763.452	2.0796	0.0000
764.582	2.0795	0.0000
765.713	2.0794	0.0000
766.843	2.0794	0.0000
767.974	2.0793	0.0000
769.105	2.0792	0.0000
770.235	2.0791	0.0000
771.366	2.0791	0.0000
772.496	2.0790	0.0000
773.627	2.0789	0.0000
774.757	2.0789	0.0000
775.888	2.0788	0.0000
777.019	2.0787	0.0000
778.149	2.0787	0.0000
779.280	2.0786	0.0000
780.410	2.0785	0.0000
781.541	2.0785	0.0000
782.671	2.0784	0.0000
783.802	2.0783	0.0000
784.932	2.0783	0.0000
786.063	2.0782	0.0000
787.194	2.0781	0.0000
788.324	2.0780	0.0000
789.455	2.0780	0.0000
790.585	2.0779	0.0000
791.716	2.0779	0.0000
792.846	2.0778	0.0000
793.977	2.0777	0.0000
795.108	2.0777	0.0000
796.238	2.0776	0.0000
797.369	2.0775	0.0000
798.499	2.0775	0.0000
799.630	2.0774	0.0000
800.760	2.0773	0.0000
801.891	2.0773	0.0000
803.022	2.0772	0.0000
804.152	2.0771	0.0000
805.283	2.0771	0.0000
806.413	2.0770	0.0000
807.544	2.0770	0.0000
808.674	2.0769	0.0000
809.805	2.0768	0.0000
810.935	2.0768	0.0000
812.066	2.0767	0.0000
813.197	2.0767	0.0000
814.327	2.0766	0.0000
815.458	2.0765	0.0000
816.588	2.0765	0.0000
817.719	2.0764	0.0000
818.849	2.0764	0.0000
819.980	2.0763	0.0000
821.111	2.0762	0.0000
822.241	2.0762	0.0000
823.372	2.0761	0.0000
824.502	2.0761	0.0000
825.633	2.0760	0.0000
826.763	2.0760	0.0000
827.894	2.0759	0.0000
829.025	2.0758	0.0000
830.155	2.0758	0.0000
831.286	2.0757	0.0000
832.416	2.0757	0.0000
833.547	2.0756	0.0000
834.677	2.0756	0.0000
835.808	2.0755	0.0000
836.938	2.0754	0.0000
838.069	2.0754	0.0000
839.200	2.0753	0.0000
840.330	2.0753	0.0000
841.461	2.0752	0.0000
842.591	2.0752	0.0000
843.722	2.0751	0.0000
844.852	2.0751	0.0000
845.983	2.0750	0.0000
847.114	2.0750	0.0000
848.244	2.0749	0.0000
849.375	2.0749	0.0000
850.505	2.0748	0.0000
851.636	2.0748	0.0000
852.766	2.0747	0.0000
853.897	2.0746	0.0000
855.028	2.0746	0.0000
856.158	2.0745	0.0000
857.289	2.0745	0.0000
858.419	2.0744	0.0000
859.550	2.0744	0.0000
860.680	2.0743	0.0000
861.811	2.0743	0.0000
862.941	2.0742	0.0000
864.072	2.0742	0.0000
865.203	2.0741	0.0000
866.333	2.0741	0.0000
867.464	2.0740	0.0000
868.594	2.0740	0.0000
869.725	2.0739	0.0000
870.855	2.0739	0.0000
871.986	2.0738	0.0000
873.117	2.0738	0.0000
874.247	2.0737	0.0000
875.378	2.0737	0.0000
876.508	2.0737	0.0000
877.639	2.0736	0.0000
878.769	2.0736	0.0000
879.900	2.0735	0.0000
881.031	2.0735	0.0000
882.161	2.0734	0.0000
883.292	2.0734	0.0000
884.422	2.0733	0.0000
885.553	2.0733	0.0000
886.683	2.0732	0.0000
887.814	2.0732	0.0000
888.944	2.0731	0.0000
890.075	2.0731	0.0000
891.206	2.0730	0.0000
892.336	2.0730	0.0000
893.467	2.0730	0.0000
894.597	2.0729	0.0000
895.728	2.0729	0.0000
896.858	2.0728	0.0000
897.989	2.0728	0.0000
899.120	2.0727	0.0000
900.250	2.0727	0.0000
901.381	2.0726	0.0000
902.511	2.0726	0.0000
903.642	2.0726	0.0000
904.772	2.0725	0.0000
905.903	2.0725	0.0000
907.034	2.0724	0.0000
908.164	2.0724	0.0000
909.295	2.0723	0.0000
910.425	2.0723	0.0000
911.556	2.0723	0.0000
912.686	2.0722	0.0000
913.817	2.0722	0.0000
914.947	2.0721	0.0000
916.078	2.0721	0.0000
917.209	2.0720	0.0000
918.339	2.0720	0.0000
919.470	2.0720	0.0000
920.600	2.0719	0.0000
921.731	2.0719	0.0000
922.861	2.0718	0.0000
923.992	2.0718	0.0000
925.123	2.0718	0.0000
926.253	2.0717	0.0000
927.384	2.0717	0.0000
928.514	2.0716	0.0000
929.645	2.0716	0.0000
930.775	2.0716	0.0000
931.906	2.0715	0.0000
933.037	2.0715	0.0000
934.167	2.0714	0.0000
935.298	2.0714	0.0000
936.428	2.0714	0.0000
937.559	2.0713	0.0000
938.689	2.0713	0.0000
939.820	2.0712	0.0000
940.950	2.0712	0.0000
942.081	2.0712	0.0000
943.212	2.0711	0.0000
944.342	2.0711	0.0000
945.473	2.0711	0.0000
946.603	2.0710	0.0000
947.734	2.0710	0.0000
948.864	2.0709	0.0000
949.995	2.0709	0.0000
951.126	2.0709	0.0000
952.256	2.0708	0.0000
953.387	2.0708	0.0000
954.517	2.0708	0.0000
955.648	2.0707	0.0000
956.778	2.0707	0.0000
957.909	2.0706	0.0000
959.040	2.0706	0.0000
960.170	2.0706	0.0000
961.301	2.0705	0.0000
962.431	2.0705	0.0000
963.562	2.0705	0.0000
964.692	2.0704	0.0000
965.823	2.0704	0.0000
966.953	2.0704	0.0000
968.084	2.0703	0.0000
969.215	2.0703	0.0000
970.345	2.0703	0.0000
971.476	2.0702	0.0000
972.606	2.0702	0.0000
973.737	2.0702	0.0000
974.867	2.0701	0.0000
975.998	2.0701	0.0000
977.129	2.0700	0.0000
978.259	2.0700	0.0000
979.390	2.0700	0.0000
980.520	2.0699	0.0000
981.651	2.0699	0.0000
982.781	2.0699	0.0000
983.912	2.0698	0.0000
985.043	2.0698	0.0000
986.173	2.0698	0.0000
987.304	2.0697	0.0000
988.434	2.0697	0.0000
989.565	2.0697	0.0000
990.695	2.0696	0.0000
991.826	2.0696	0.0000
992.956	2.0696	0.0000
994.087	2.0696	0.0000
995.218	2.0695	0.0000
996.348	2.0695	0.0000
997.479	2.0695	0.0000
998.609	2.0694	0.0000
999.740	2.0694	0.0000
1000.870	2.0694	0.0000
1002.001	2.0693	0.0000
1003.132	2.0693	0.0000
1004.262	2.0693	0.0000
1005.393	2.0692	0.0000
1006.523	2.0692	0.0000
1007.654	2.0692	0.0000
1008.784	2.0691	0.0000
1009.915	2.0691	0.0000
1011.046	2.0691	0.0000
1012.176	2.0690	0.0000
1013.307	2.0690	0.0000
1014.437	2.0690	0.0000
1015.568	2.0690	0.0000
1016.698	2.0689	0.0000
1017.829	2.0689	0.0000
1018.959	2.0689	0.0000
1020.090	2.0688	0.0000
1021.221	2.0688	0.0000
1022.351	2.0688	0.0000
1023.482	2.0687	0.0000
1024.612	2.0687	0.0000
1025.743	2.0687	0.0000
1026.873	2.0687	0.0000
1028.004	2.0686	0.0000
1029.135	2.0686	0.0000
1030.265	2.0686	0.0000
1031.396	2.0685	0.0000
1032.526	2.0685	0.0000
1033.657	2.0685	0.0000
1034.787	2.0685	0.0000
1035.918	2.0684	0.0000
1037.049	2.0684	0.0000
1038.179	2.0684	0.0000
1039.310	2.0683	0.0000
1040.440	2.0683	0.0000
1041.571	2.0683	0.0000
1042.701	2.0683	0.0000
1043.832	2.0682	0.0000
1044.962	2.0682	0.0000
1046.093	2.0682	0.0000
1047.224	2.0681	0.0000
1048.354	2.0681	0.0000
1049.485	2.0681	0.0000
1050.615	2.0681	0.0000
1051.746	2.0680	0.0000
1052.876	2.0680	0.0000
1054.007	2.0680	0.0000
1055.138	2.0679	0.0000
1056.268	2.0679	0.0000
1057.399	2.0679	0.0000
1058.529	2.0679	0.0000
1059.660	2.0678	0.0000
1060.790	2.0678	0.0000
1061.921	2.0678	0.0000
1063.052	2.0678	0.0000
1064.182	2.0677	0.0000
1065.313	2.0677	0.0000
1066.443	2.0677	0.0000
1067.574	2.0677	0.0000
1068.704	2.0676	0.0000
1069.835	2.0676	0.0000
1070.965	2.0676	0.0000
1072.096	2.0676	0.0000
1073.227	2.0675	0.0000
1074.357	2.0675	0.0000
1075.488	2.0675	0.0000
1076.618	2.0675	0.0000
1077.749	2.0674	0.0000
1078.879	2.0674	0.0000
1080.010	2.0674	0.0000
1081.141	2.0674	0.0000
1082.271	2.0673	0.0000
1083.402	2.0673	0.0000
1084.532	2.0673	0.0000
1085.663	2.0673	0.0000
1086.793	2.0672	0.0000
1087.924	2.0672	0.0000
1089.055	2.0672	0.0000
1090.185	2.0672	0.0000
1091.316	2.0671	0.0000
1092.446	2.0671	0.0000
1093.577	2.0671	0.0000
1094.707	2.0671	0.0000
1095.838	2.0670	0.0000
1096.968	2.0670	0.0000
1098.099	2.0670	0.0000
1099.230	2.0670	0.0000
1100.360	2.0669	0.0000
1101.491	2.0669	0.0000
1102.621	2.0669	0.0000
1103.752	2.0669	0.0000
1104.882	2.0668	0.0000
1106.013	2.0668	0.0000
1107.144	2.0668	0.0000
1108.274	2.0668	0.0000
1109.405	2.0667	0.0000
1110.535	2.0667	0.0000
1111.666	2.0667	0.0000
1112.796	2.0667	0.0000
1113.927	2.0667	0.0000
1115.058	2.0666	0.0000
1116.188	2.0666	0.0000
1117.319	2.0666	0.0000
1118.449	2.0666	0.0000
1119.580	2.0665	0.0000
1120.710	2.0665	0.0000
1121.841	2.0665	0.0000
1122.971	2.0665	0.0000
1124.102	2.0665	0.0000
1125.233	2.0664	0.0000
1126.363	2.0664	0.0000
1127.494	2.0664	0.0000
1128.624	2.0664	0.0000
1129.755	2.0663	0.0000
1130.885	2.0663	0.0000
1132.016	2.0663	0.0000
1133.147	2.0663	0.0000
1134.277	2.0663	0.0000
1135.408	2.0662	0.0000
1136.538	2.0662	0.0000
1137.669	2.0662	0.0000
1138.799	2.0662	0.0000
1139.930	2.0661	0.0000
1141.061	2.0661	0.0000
1142.191	2.0661	0.0000
1143.322	2.0661	0.0000
1144.452	2.0661	0.0000
1145.583	2.0660	0.0000
1146.713	2.0660	0.0000
1147.844	2.0660	0.0000
1148.974	2.0660	0.0000
1150.105	2.0660	0.0000
1151.236	2.0659	0.0000
1152.366	2.0659	0.0000
1153.497	2.0659	0.0000
1154.627	2.0659	0.0000
1155.758	2.0659	0.0000
1156.888	2.0658	0.0000
1158.019	2.0658	0.0000
1159.150	2.0658	0.0000
1160.280	2.0658	0.0000
1161.411	2.0658	0.0000
1162.541	2.0657	0.0000
1163.672	2.0657	0.0000
1164.802	2.0657	0.0000
1165.933	2.0657	0.0000
1167.064	2.0657	0.0000
1168.194	2.0656	0.0000
1169.325	2.0656	0.0000
1170.455	2.0656	0.0000
1171.586	2.0656	0.0000
1172.716	2.0656	0.0000
1173.847	2.0655	0.0000
1174.977	2.0655	0.0000
1176.108	2.0655	0.0000
1177.239	2.0655	0.0000
1178.369	2.0655	0.0000
1179.500	2.0654	0.0000
1180.630	2.0654	0.0000
1181.761	2.0654	0.0000
1182.891	2.0654	0.0000
1184.022	2.0654	0.0000
1185.153	2.0653	0.0000
1186.283	2.0653	0.0000
1187.414	2.0653	0.0000
1188.544	2.0653	0.0000
1189.675	2.0653	0.0000
1190.805	2.0652	0.0000
1191.936	2.0652	0.0000
1193.067	2.0652	0.0000
1194.197	2.0652	0.0000
1195.328	2.0652	0.0000
1196.458	2.0652	0.0000
1197.589	2.0651	0.0000
1198.719	2.0651	0.0000
1199.850	2.0651	0.0000
1200.980	2.0651	0.0000
1202.111	2.0651	0.0000
1203.242	2.0650	0.0000
1204.372	2.0650	0.0000
1205.503	2.0650	0.0000
1206.633	2.0650	0.0000
1207.764	2.0650	0.0000
1208.894	2.0650	0.0000
1210.025	2.0649	0.0000
1211.156	2.0649	0.0000
1212.286	2.0649	0.0000
1213.417	2.0649	0.0000
1214.547	2.0649	0.0000
1215.678	2.0648	0.0000
1216.808	2.0648	0.0000
1217.939	2.0648	0.0000
1219.070	2.0648	0.0000
1220.200	2.0648	0.0000
1221.331	2.0648	0.0000
1222.461	2.0647	0.0000
1223.592	2.0647	0.0000
1224.722	2.0647	0.0000
1225.853	2.0647	0.0000
1226.983	2.0647	0.0000
1228.114	2.0647	0.0000
1229.245	2.0646	0.0000
1230.375	2.0646	0.0000
1231.506	2.0646	0.0000
1232.636	2.0646	0.0000
1233.767	2.0646	0.0000
1234.897	2.0646	0.0000
1236.028	2.0645	0.0000
1237.159	2.0645	0.0000
1238.289	2.0645	0.0000
1239.420	2.0645	0.0000
1240.550	2.0645	0.0000
1241.681	2.0645	0.0000
1242.811	2.0644	0.0000
1243.942	2.0644	0.0000
1245.073	2.0644	0.0000
1246.203	2.0644	0.0000
1247.334	2.0644	0.0000
1248.464	2.0644	0.0000
1249.595	2.0643	0.0000
1250.725	2.0643	0.0000
1251.856	2.0643	0.0000
1252.986	2.0643	0.0000
1254.117	2.0643	0.0000
1255.248	2.0643	0.0000
1256.378	2.0642	0.0000
1257.509	2.0642	0.0000
1258.639	2.0642	0.0000
1259.770	2.0642	0.0000
1260.900	2.0642	0.0000
1262.031	2.0642	0.0000
1263.162	2.0642	0.0000
1264.292	2.0641	0.0000
1265.423	2.0641	0.0000
1266.553	2.0641	0.0000
1267.684	2.0641	0.0000
1268.814	2.0641	0.0000
1269.945	2.0641	0.0000
1271.076	2.0640	0.0000
1272.206	2.0640	0.0000
1273.337	2.0640	0.0000
1274.467	2.0640	0.0000
1275.598	2.0640	0.0000
1276.728	2.0640	0.0000
1277.859	2.0640	0.0000
1278.989	2.0639	0.0000
1280.120	2.0639	0.0000
1281.251	2.0639	0.0000
1282.381	2.0639	0.0000
1283.512	2.0639	0.0000
1284.642	2.0639	0.0000
1285.773	2.0638	0.0000
1286.903	2.0638	0.0000
1288.034	2.0638	0.0000
1289.165	2.0638	0.0000
1290.295	2.0638	0.0000
1291.426	2.0638	0.0000
1292.556	2.0638	0.0000
1293.687	2.0637	0.0000
1294.817	2.0637	0.0000
1295.948	2.0637	0.0000
1297.079	2.0637	0.0000
1298.209	2.0637	0.0000
1299.340	2.0637	0.0000
1300.470	2.0637	0.0000
1301.601	2.0636	0.0000
1302.731	2.0636	0.0000
1303.862	2.0636	0.0000
1304.992	2.0636	0.0000
1306.123	2.0636	0.0000
1307.254	2.0636	0.0000
1308.384	2.0636	0.0000
1309.515	2.0635	0.0000
1310.645	2.0635	0.0000
1311.776	2.0635	0.0000
1312.906	2.0635	0.0000
1314.037	2.0635	0.0000
1315.168	2.0635	0.0000
1316.298	2.0635	0.0000
1317.429	2.0634	0.0000
1318.559	2.0634	0.0000
1319.690	2.0634	0.0000
1320.820	2.0634	0.0000
1321.951	2.0634	0.0000
1323.082	2.0634	0.0000
1324.212	2.0634	0.0000
1325.343	2.0634	0.0000
1326.473	2.0633	0.0000
1327.604	2.0633	0.0000
1328.734	2.0633	0.0000
1329.865	2.0633	0.0000
1330.995	2.0633	0.0000
1332.126	2.0633	0.0000
1333.257	2.0633	0.0000
1334.387	2.0632	0.0000
1335.518	2.0632	0.0000
1336.648	2.0632	0.0000
1337.779	2.0632	0.0000
1338.909	2.0632	0.0000
1340.040	2.0632	0.0000
1341.171	2.0632	0.0000
1342.301	2.0632	0.0000
1343.432	2.0631	0.0000
1344.562	2.0631	0.0000
1345.693	2.0631	0.0000
1346.823	2.0631	0.0000
1347.954	2.0631	0.0000
1349.085	2.0631	0.0000
1350.215	2.0631	0.0000
1351.346	2.0631	0.0000
1352.476	2.0630	0.0000
1353.607	2.0630	0.0000
1354.737	2.0630	0.0000
1355.868	2.0630	0.0000
1356.998	2.0630	0.0000
1358.129	2.0630	0.0000
1359.260	2.0630	0.0000
1360.390	2.0630	0.0000
1361.521	2.0629	0.0000
1362.651	2.0629	0.0000
1363.782	2.0629	0.0000
1364.912	2.0629	0.0000
1366.043	2.0629	0.0000
1367.174	2.0629	0.0000
1368.304	2.0629	0.0000
1369.435	2.0629	0.0000
1370.565	2.0628	0.0000
1371.696	2.0628	0.0000
1372.826	2.0628	0.0000
1373.957	2.0628	0.0000
1375.088	2.0628	0.0000
1376.218	2.0628	0.0000
1377.349	2.0628	0.0000
1378.479	2.0628	0.0000
1379.610	2.0627	0.0000
1380.740	2.0627	0.0000
1381.871	2.0627	0.0000
1383.002	2.0627	0.0000
1384.132	2.0627	0.0000
1385.263	2.0627	0.0000
1386.393	2.0627	0.0000
1387.524	2.0627	0.0000
1388.654	2.0626	0.0000
1389.785	2.0626	0.0000
1390.915	2.0626	0.0000
1392.046	2.0626	0.0000
1393.177	2.0626	0.0000
1394.307	2.0626	0.0000
1395.438	2.0626	0.0000
1396.568	2.0626	0.0000
1397.699	2.0626	0.0000
1398.829	2.0625	0.0000
1399.960	2.0625	0.0000
1401.091	2.0625	0.0000
1402.221	2.0625	0.0000
1403.352	2.0625	0.0000
1404.482	2.0625	0.0000
1405.613	2.0625	0.0000
1406.743	2.0625	0.0000
1407.874	2.0625	0.0000
1409.005	2.0624	0.0000
1410.135	2.0624	0.0000
1411.266	2.0624	0.0000
1412.396	2.0624	0.0000
1413.527	2.0624	0.0000
1414.657	2.0624	0.0000
1415.788	2.0624	0.0000
1416.918	2.0624	0.0000
1418.049	2.0624	0.0000
1419.180	2.0623	0.0000
1420.310	2.0623	0.0000
1421.441	2.0623	0.0000
1422.571	2.0623	0.0000
1423.702	2.0623	0.0000
1424.832	2.0623	0.0000
1425.963	2.0623	0.0000
1427.094	2.0623	0.0000
1428.224	2.0623	0.0000
1429.355	2.0622	0.0000
1430.485	2.0622	0.0000
1431.616	2.0622	0.0000
1432.746	2.0622	0.0000
1433.877	2.0622	0.0000
1435.008	2.0622	0.0000
1436.138	2.0622	0.0000
1437.269	2.0622	0.0000
1438.399	2.0622	0.0000
1439.530	2.0621	0.0000
1440.660	2.0621	0.0000
1441.791	2.0621	0.0000
1442.921	2.0621	0.0000
1444.052	2.0621	0.0000
1445.183	2.0621	0.0000
1446.313	2.0621	0.0000
1447.444	2.0621	0.0000
1448.574	2.0621	0.0000
1449.705	2.0621	0.0000
1450.835	2.0620	0.0000
1451.966	2.0620	0.0000
1453.097	2.0620	0.0000
1454.227	2.0620	0.0000
1455.358	2.0620	0.0000
1456.488	2.0620	0.0000
1457.619	2.0620	0.0000
1458.749	2.0620	0.0000
1459.880	2.0620	0.0000
1461.011	2.0620	0.0000
1462.141	2.0619	0.0000
1463.272	2.0619	0.0000
1464.402	2.0619	0.0000
1465.533	2.0619	0.0000
1466.663	2.0619	0.0000
1467.794	2.0619	0.0000
1468.924	2.0619	0.0000
1470.055	2.0619	0.0000
1471.186	2.0619	0.0000
1472.316	2.0619	0.0000
1473.447	2.0618	0.0000
1474.577	2.0618	0.0000
1475.708	2.0618	0.0000
1476.838	2.0618	0.0000
1477.969	2.0618	0.0000
1479.100	2.0618	0.0000
1480.230	2.0618	0.0000
1481.361	2.0618	0.0000
1482.491	2.0618	0.0000
1483.622	2.0618	0.0000
1484.752	2.0617	0.0000
1485.883	2.0617	0.0000
1487.014	2.0617	0.0000
1488.144	2.0617	0.0000
1489.275	2.0617	0.0000
1490.405	2.0617	0.0000
1491.536	2.0617	0.0000
1492.666	2.0617	0.0000
1493.797	2.0617	0.0000
1494.927	2.0617	0.0000
1496.058	2.0617	0.0000
1497.189	2.0616	0.0000
1498.319	2.0616	0.0000
1499.450	2.0616	0.0000
1500.580	2.0616	0.0000
1501.711	2.0616	0.0000
1502.841	2.0616	0.0000
1503.972	2.0616	0.0000
1505.103	2.0616	0.0000
1506.233	2.0616	0.0000
1507.364	2.0616	0.0000
1508.494	2.0616	0.0000
1509.625	2.0615	0.0000
1510.755	2.0615	0.0000
1511.886	2.0615	0.0000
1513.017	2.0615	0.0000
1514.147	2.0615	0.0000
1515.278	2.0615	0.0000
1516.408	2.0615	0.0000
1517.539	2.0615	0.0000
1518.669	2.0615	0.0000
1519.800	2.0615	0.0000
1520.930	2.0615	0.0000
1522.061	2.0614	0.0000
1523.192	2.0614	0.0000
1524.322	2.0614	0.0000
1525.453	2.0614	0.0000
1526.583	2.0614	0.0000
1527.714	2.0614	0.0000
1528.844	2.0614	0.0000
1529.975	2.0614	0.0000
1531.106	2.0614	0.0000
1532.236	2.0614	0.0000
1533.367	2.0614	0.0000
1534.497	2.0613	0.0000
1535.628	2.0613	0.0000
1536.758	2.0613	0.0000
1537.889	2.0613	0.0000
1539.020	2.0613	0.0000
1540.150	2.0613	0.0000
1541.281	2.0613	0.0000
1542.411	2.0613	0.0000
1543.542	2.0613	0.0000
1544.672	2.0613	0.0000
1545.803	2.0613	0.0000
1546.933	2.0613	0.0000
1548.064	2.0612	0.0000
1549.195	2.0612	0.0000
1550.325	2.0612	0.0000
1551.456	2.0612	0.0000
1552.586	2.0612	0.0000
1553.717	2.0612	0.0000
1554.847	2.0612	0.0000
1555.978	2.0612	0.0000
1557.109	2.0612	0.0000
1558.239	2.0612	0.0000
1559.370	2.0612	0.0000
1560.500	2.0612	0.0000
1561.631	2.0611	0.0000
1562.761	2.0611	0.0000
1563.892	2.0611	0.0000
1565.023	2.0611	0.0000
1566.153	2.0611	0.0000
1567.284	2.0611	0.0000
1568.414	2.0611	0.0000
1569.545	2.0611	0.0000
1570.675	2.0611	0.0000
1571.806	2.0611	0.0000
1572.936	2.0611	0.0000
1574.067	2.0611	0.0000
1575.198	2.0610	0.0000
1576.328	2.0610	0.0000
1577.459	2.0610	0.0000
1578.589	2.0610	0.0000
1579.720	2.0610	0.0000
1580.850	2.0610	0.0000
1581.981	2.0610	0.0000
1583.112	2.0610	0.0000
1584.242	2.0610	0.0000
1585.373	2.0610	0.0000
1586.503	2.0610	0.0000
1587.634	2.0610	0.0000
1588.764	2.0610	0.0000
1589.895	2.0609	0.0000
1591.026	2.0609	0.0000
1592.156	2.0609	0.0000
1593.287	2.0609	0.0000
1594.417	2.0609	0.0000
1595.548	2.0609	0.0000
1596.678	2.0609	0.0000
1597.809	2.0609	0.0000
1598.939	2.0609	0.0000
1600.070	2.0609	0.0000
1601.201	2.0609	0.0000
1602.331	2.0609	0.0000
1603.462	2.0609	0.0000
1604.592	2.0608	0.0000
1605.723	2.0608	0.0000
1606.853	2.0608	0.0000
1607.984	2.0608	0.0000
1609.115	2.0608	0.0000
1610.245	2.0608	0.0000
1611.376	2.0608	0.0000
1612.506	2.0608	0.0000
1613.637	2.0608	0.0000
1614.767	2.0608	0.0000
1615.898	2.0608	0.0000
1617.029	2.0608	0.0000
1618.159	2.0608	0.0000
1619.290	2.0607	0.0000
1620.420	2.0607	0.0000
1621.551	2.0607	0.0000
1622.681	2.0607	0.0000
1623.812	2.0607	0.0000
1624.942	2.0607	0.0000
1626.073	2.0607	0.0000
1627.204	2.0607	0.0000
1628.334	2.0607	0.0000
1629.465	2.0607	0.0000
1630.595	2.0607	0.0000
1631.726	2.0607	0.0000
1632.856	2.0607	0.0000
1633.987	2.0607	0.0000
1635.118	2.0606	0.0000
1636.248	2.0606	0.0000
1637.379	2.0606	0.0000
1638.509	2.0606	0.0000
1639.640	2.0606	0.0000
1640.770	2.0606	0.0000
1641.901	2.0606	0.0000
1643.032	2.0606	0.0000
1644.162	2.0606	0.0000
1645.293	2.0606	0.0000
1646.423	2.0606	0.0000
1647.554	2.0606	0.0000
1648.684	2.0606	0.0000
1649.815	2.0606	0.0000
1650.945	2.0605	0.0000
1652.076	2.0605	0.0000
1653.207	2.0605	0.0000
1654.337	2.0605	0.0000
1655.468	2.0605	0.0000
1656.598	2.0605	0.0000
1657.729	2.0605	0.0000
1658.859	2.0605	0.0000
1659.990	2.0605	0.0000
1661.121	2.0605	0.0000
1662.251	2.0605	0.0000
1663.382	2.0605	0.0000
1664.512	2.0605	0.0000
1665.643	2.0605	0.0000
1666.773	2.0605	0.0000
1667.904	2.0604	0.0000
1669.035	2.0604	0.0000
1670.165	2.0604	0.0000
1671.296	2.0604	0.0000
1672.426	2.0604	0.0000
1673.557	2.0604	0.0000
1674.687	2.0604	0.0000
1675.818	2.0604	0.0000
1676.948	2.0604	0.0000
1678.079	2.0604	0.0000
1679.210	2.0604	0.0000
1680.340	2.0604	0.0000
1681.471	2.0604	0.0000
1682.601	2.0604	0.0000
1683.732	2.0604	0.0000
1684.862	2.0603	0.0000
1685.993	2.0603	0.0000
1687.124	2.0603	0.0000
1688.254	2.0603	0.0000
1689.385	2.0603	0.0000
1690.515	2.0603	0.0000
1691.646	2.0603	0.0000
1692.776	2.0603	0.0000
1693.907	2.0603	0.0000
1695.038	2.0603	0.0000
1696.168	2.0603	0.0000
1697.299	2.0603	0.0000
1698.429	2.0603	0.0000
1699.560	2.0603	0.0000
1700.690	2.0603	0.0000
1701.821	2.0602	0.0000
1702.951	2.0602	0.0000
1704.082	2.0602	0.0000
1705.213	2.0602	0.0000
1706.343	2.0602	0.0000
1707.474	2.0602	0.0000
1708.604	2.0602	0.0000
1709.735	2.0602	0.0000
1710.865	2.0602	0.0000
1711.996	2.0602	0.0000
1713.127	2.0602	0.0000
1714.257	2.0602	0.0000
1715.388	2.0602	0.0000
1716.518	2.0602	0.0000
1717.649	2.0602	0.0000
1718.779	2.0602	0.0000
1719.910	2.0602	0.0000
1721.041	2.0601	0.0000
1722.171	2.0601	0.0000
1723.302	2.0601	0.0000
1724.432	2.0601	0.0000
1725.563	2.0601	0.0000
1726.693	2.0601	0.0000
1727.824	2.0601	0.0000
1728.954	2.0601	0.0000
1730.085	2.0601	0.0000
1731.216	2.0601	0.0000
1732.346	2.0601	0.0000
1733.477	2.0601	0.0000
1734.607	2.0601	0.0000
1735.738	2.0601	0.0000
1736.868	2.0601	0.0000
1737.999	2.0601	0.0000
1739.130	2.0600	0.0000
1740.260	2.0600	0.0000
1741.391	2.0600	0.0000
1742.521	2.0600	0.0000
1743.652	2.0600	0.0000
1744.782	2.0600	0.0000
1745.913	2.0600	0.0000
1747.044	2.0600	0.0000
1748.174	2.0600	0.0000
1749.305	2.0600	0.0000
1750.435	2.0600	0.0000
1751.566	2.0600	0.0000
1752.696	2.0600	0.0000
1753.827	2.0600	0.0000
1754.957	2.0600	0.0000
1756.088	2.0600	0.0000
1757.219	2.0600	0.0000
1758.349	2.0599	0.0000
1759.480	2.0599	0.0000
1760.610	2.0599	0.0000
1761.741	2.0599	0.0000
1762.871	2.0599	0.0000
1764.002	2.0599	0.0000
1765.133	2.0599	0.0000
1766.263	2.0599	0.0000
1767.394	2.0599	0.0000
1768.524	2.0599	0.0000
1769.655	2.0599	0.0000
1770.785	2.0599	0.0000
1771.916	2.0599	0.0000
1773.047	2.0599	0.0000
1774.177	2.0599	0.0000
1775.308	2.0599	0.0000
1776.438	2.0599	0.0000
1777.569	2.0599	0.0000
1778.699	2.0598	0.0000
1779.830	2.0598	0.0000
1780.960	2.0598	0.0000
1782.091	2.0598	0.0000
1783.222	2.0598	0.0000
1784.352	2.0598	0.0000
1785.483	2.0598	0.0000
1786.613	2.0598	0.0000
1787.744	2.0598	0.0000
1788.874	2.0598	0.0000
1790.005	2.0598	0.0000
1791.136	2.0598	0.0000
1792.266	2.0598	0.0000
1793.397	2.0598	0.0000
1794.527	2.0598	0.0000
1795.658	2.0598	0.0000
1796.788	2.0598	0.0000
1797.919	2.0598	0.0000
1799.050	2.0597	0.0000
1800.180	2.0597	0.0000
1801.311	2.0597	0.0000
1802.441	2.0597	0.0000
1803.572	2.0597	0.0000
1804.702	2.0597	0.0000
1805.833	2.0597	0.0000
1806.963	2.0597	0.0000
1808.094	2.0597	0.0000
1809.225	2.0597	0.0000
1810.355	2.0597	0.0000
1811.486	2.0597	0.0000
1812.616	2.0597	0.0000
1813.747	2.0597	0.0000
1814.877	2.0597	0.0000
1816.008	2.0597	0.0000
1817.139	2.0597	0.0000
1818.269	2.0597	0.0000
1819.400	2.0597	0.0000
1820.530	2.0596	0.0000
1821.661	2.0596	0.0000
1822.791	2.0596	0.0000
1823.922	2.0596	0.0000
1825.053	2.0596	0.0000
1826.183	2.0596	0.0000
1827.314	2.0596	0.0000
1828.444	2.0596	0.0000
1829.575	2.0596	0.0000
1830.705	2.0596	0.0000
1831.836	2.0596	0.0000
1832.966	2.0596	0.0000
1834.097	2.0596	0.0000
1835.228	2.0596	0.0000
1836.358	2.0596	0.0000
1837.489	2.0596	0.0000
1838.619	2.0596	0.0000
1839.750	2.0596	0.0000
1840.880	2.0596	0.0000
1842.011	2.0596	0.0000
1843.142	2.0595	0.0000
1844.272	2.0595	0.0000
1845.403	2.0595	0.0000
1846.533	2.0595	0.0000
1847.664	2.0595	0.0000
1848.794	2.0595	0.0000
1849.925	2.0595	0.0000
1851.056	2.0595	0.0000
1852.186	2.0595	0.0000
1853.317	2.0595	0.0000
1854.447	2.0595	0.0000
1855.578	2.0595	0.0000
1856.708	2.0595	0.0000
1857.839	2.0595	0.0000
1858.969	2.0595	0.0000
1860.100	2.0595	0.0000
1861.231	2.0595	0.0000
1862.361	2.0595	0.0000
1863.492	2.0595	0.0000
1864.622	2.0595	0.0000
1865.753	2.0594	0.0000
1866.883	2.0594	0.0000
1868.014	2.0594	0.0000
1869.145	2.0594	0.0000
1870.275	2.0594	0.0000
1871.406	2.0594	0.0000
1872.536	2.0594	0.0000
1873.667	2.0594	0.0000
1874.797	2.0594	0.0000
1875.928	2.0594	0.0000
1877.059	2.0594	0.0000
1878.189	2.0594	0.0000
1879.320	2.0594	0.0000
1880.450	2.0594	0.0000
1881.581	2.0594	0.0000
1882.711	2.0594	0.0000
1883.842	2.0594	0.0000
1884.972	2.0594	0.0000
1886.103	2.0594	0.0000
1887.234	2.0594	0.0000
1888.364	2.0594	0.0000
1889.495	2.0594	0.0000
1890.625	2.0593	0.0000
1891.756	2.0593	0.0000
1892.886	2.0593	0.0000
1894.017	2.0593	0.0000
1895.148	2.0593	0.0000
1896.278	2.0593	0.0000
1897.409	2.0593	0.0000
1898.539	2.0593	0.0000
1899.670	2.0593	0.0000
1900.800	2.0593	0.0000
1901.931	2.0593	0.0000
1903.062	2.0593	0.0000
1904.192	2.0593	0.0000
1905.323	2.0593	0.0000
1906.453	2.0593	0.0000
1907.584	2.0593	0.0000
1908.714	2.0593	0.0000
1909.845	2.0593	0.0000
1910.975	2.0593	0.0000
1912.106	2.0593	0.0000
1913.237	2.0593	0.0000
1914.367	2.0593	0.0000
1915.498	2.0592	0.0000
1916.628	2.0592	0.0000
1917.759	2.0592	0.0000
1918.889	2.0592	0.0000
1920.020	2.0592	0.0000
1921.151	2.0592	0.0000
1922.281	2.0592	0.0000
1923.412	2.0592	0.0000
1924.542	2.0592	0.0000
1925.673	2.0592	0.0000
1926.803	2.0592	0.0000
1927.934	2.0592	0.0000
1929.065	2.0592	0.0000
1930.195	2.0592	0.0000
1931.326	2.0592	0.0000
1932.456	2.0592	0.0000
1933.587	2.0592	0.0000
1934.717	2.0592	0.0000
1935.848	2.0592	0.0000
1936.978	2.0592	0.0000
1938.109	2.0592	0.0000
1939.240	2.0592	0.0000
1940.370	2.0592	0.0000
1941.501	2.0591	0.0000
1942.631	2.0591	0.0000
1943.762	2.0591	0.0000
1944.892	2.0591	0.0000
1946.023	2.0591	0.0000
1947.154	2.0591	0.0000
1948.284	2.0591	0.0000
1949.415	2.0591	0.0000
1950.545	2.0591	0.0000
1951.676	2.0591	0.0000
1952.806	2.0591	0.0000
1953.937	2.0591	0.0000
1955.068	2.0591	0.0000
1956.198	2.0591	0.0000
1957.329	2.0591	0.0000
1958.459	2.0591	0.0000
1959.590	2.0591	0.0000
1960.720	2.0591	0.0000
1961.851	2.0591	0.0000
1962.981	2.0591	0.0000
1964.112	2.0591	0.0000
1965.243	2.0591	0.0000
1966.373	2.0591	0.0000
1967.504	2.0591	0.0000
1968.634	2.0590	0.0000
1969.765	2.0590	0.0000
1970.895	2.0590	0.0000
1972.026	2.0590	0.0000
1973.157	2.0590	0.0000
1974.287	2.0590	0.0000
1975.418	2.0590	0.0000
1976.548	2.0590	0.0000
1977.679	2.0590	0.0000
1978.809	2.0590	0.0000
1979.940	2.0590	0.0000
1981.071	2.0590	0.0000
1982.201	2.0590	0.0000
1983.332	2.0590	0.0000
1984.462	2.0590	0.0000
1985.593	2.0590	0.0000
1986.723	2.0590	0.0000
1987.854	2.0590	0.0000
1988.984	2.0590	0.0000
1990.115	2.0590	0.0000
1991.246	2.0590	0.0000
1992.376	2.0590	0.0000
1993.507	2.0590	0.0000
1994.637	2.0590	0.0000
1995.768	2.0590	0.0000
1996.898	2.0589	0.0000
1998.029	2.0589	0.0000
1999.160	2.0589	0.0000
2000.290	2.0589	0.0000
2001.421	2.0589	0.0000
2002.551	2.0589	0.0000
2003.682	2.0589	0.0000
2004.812	2.0589	0.0000
2005.943	2.0589	0.0000
2007.074	2.0589	0.0000
2008.204	2.0589	0.0000
2009.335	2.0589	0.0000
2010.465	2.0589	0.0000
2011.596	2.0589	0.0000
2012.726	2.0589	0.0000
2013.857	2.0589	0.0000
2014.987	2.0589	0.0000
2016.118	2.0589	0.0000
2017.249	2.0589	0.0000
2018.379	2.0589	0.0000
2019.510	2.0589	0.0000
2020.640	2.0589	0.0000
2021.771	2.0589	0.0000
2022.901	2.0589	0.0000
2024.032	2.0589	0.0000
2025.163	2.0589	0.0000
2026.293	2.0588	0.0000
2027.424	2.0588	0.0000
2028.554	2.0588	0.0000
2029.685	2.0588	0.0000
2030.815	2.0588	0.0000
2031.946	2.0588	0.0000
2033.077	2.0588	0.0000
2034.207	2.0588	0.0000
2035.338	2.0588	0.0000
2036.468	2.0588	0.0000
2037.599	2.0588	0.0000
2038.729	2.0588	0.0000
2039.860	2.0588	0.0000
2040.990	2.0588	0.0000
2042.121	2.0588	0.0000
2043.252	2.0588	0.0000
2044.382	2.0588	0.0000
2045.513	2.0588	0.0000
2046.643	2.0588	0.0000
2047.774	2.0588	0.0000
2048.904	2.0588	0.0000
2050.035	2.0588	0.0000
2051.166	2.0588	0.0000
2052.296	2.0588	0.0000
2053.427	2.0588	0.0000
2054.557	2.0588	0.0000
2055.688	2.0588	0.0000
2056.818	2.0587	0.0000
2057.949	2.0587	0.0000
2059.080	2.0587	0.0000
2060.210	2.0587	0.0000
2061.341	2.0587	0.0000
2062.471	2.0587	0.0000
2063.602	2.0587	0.0000
2064.732	2.0587	0.0000
2065.863	2.0587	0.0000
2066.993	2.0587	0.0000
2068.124	2.0587	0.0000
2069.255	2.0587	0.0000
2070.385	2.0587	0.0000
2071.516	2.0587	0.0000
2072.646	2.0587	0.0000
2073.777	2.0587	0.0000
2074.907	2.0587	0.0000
2076.038	2.0587	0.0000
2077.169	2.0587	0.0000
2078.299	2.0587	0.0000
2079.430	2.0587	0.0000
2080.560	2.0587	0.0000
2081.691	2.0587	0.0000
2082.821	2.0587	0.0000
2083.952	2.0587	0.0000
2085.083	2.0587	0.0000
2086.213	2.0587	0.0000
2087.344	2.0587	0.0000
2088.474	2.0587	0.0000
2089.605	2.0586	0.0000
2090.735	2.0586	0.0000
2091.866	2.0586	0.0000
2092.996	2.0586	0.0000
2094.127	2.0586	0.0000
2095.258	2.0586	0.0000
2096.388	2.0586	0.0000
2097.519	2.0586	0.0000
2098.649	2.0586	0.0000
2099.780	2.0586	0.0000
2100.910	2.0586	0.0000
2102.041	2.0586	0.0000
2103.172	2.0586	0.0000
2104.302	2.0586	0.0000
2105.433	2.0586	0.0000
2106.563	2.0586	0.0000
2107.694	2.0586	0.0000
2108.824	2.0586	0.0000
2109.955	2.0586	0.0000
2111.086	2.0586	0.0000
2112.216	2.0586	0.0000
2113.347	2.0586	0.0000
2114.477	2.0586	0.0000
2115.608	2.0586	0.0000
2116.738	2.0586	0.0000
2117.869	2.0586	0.0000
2118.999	2.0586	0.0000
2120.130	2.0586	0.0000
2121.261	2.0586	0.0000
2122.391	2.0586	0.0000
2123.522	2.0585	0.0000
2124.652	2.0585	0.0000
2125.783	2.0585	0.0000
2126.913	2.0585	0.0000
2128.044	2.0585	0.0000
2129.175	2.0585	0.0000
2130.305	2.0585	0.0000
2131.436	2.0585	0.0000
2132.566	2.0585	0.0000
2133.697	2.0585	0.0000
2134.827	2.0585	0.0000
2135.958	2.0585	0.0000
2137.089	2.0585	0.0000
2138.219	2.0585	0.0000
2139.350	2.0585	0.0000
2140.480	2.0585	0.0000
2141.611	2.0585	0.0000
2142.741	2.0585	0.0000
2143.872	2.0585	0.0000
2145.003	2.0585	0.0000
2146.133	2.0585	0.0000
2147.264	2.0585	0.0000
2148.394	2.0585	0.0000
2149.525	2.0585	0.0000
2150.655	2.0585	0.0000
2151.786	2.0585	0.0000
2152.916	2.0585	0.0000
2154.047	2.0585	0.0000
2155.178	2.0585	0.0000
2156.308	2.0585	0.0000
2157.439	2.0585	0.0000
2158.569	2.0584	0.0000
2159.700	2.0584	0.0000
2160.830	2.0584	0.0000
2161.961	2.0584	0.0000
2163.092	2.0584	0.0000
2164.222	2.0584	0.0000
2165.353	2.0584	0.0000
2166.483	2.0584	0.0000
2167.614	2.0584	0.0000
2168.744	2.0584	0.0000
2169.875	2.0584	0.0000
2171.006	2.0584	0.0000
2172.136	2.0584	0.0000
2173.267	2.0584	0.0000
2174.397	2.0584	0.0000
2175.528	2.0584	0.0000
2176.658	2.0584	0.0000
2177.789	2.0584	0.0000
2178.919	2.0584	0.0000
2180.050	2.0584	0.0000
2181.181	2.0584	0.0000
2182.311	2.0584	0.0000
2183.442	2.0584	0.0000
2184.572	2.0584	0.0000
2185.703	2.0584	0.0000
2186.833	2.0584	0.0000
2187.964	2.0584	0.0000
2189.095	2.0584	0.0000
2190.225	2.0584	0.0000
2191.356	2.0584	0.0000
2192.486	2.0584	0.0000
2193.617	2.0584	0.0000
2194.747	2.0584	0.0000
2195.878	2.0584	0.0000
2197.009	2.0583	0.0000
2198.139	2.0583	0.0000
2199.270	2.0583	0.0000
2200.400	2.0583	0.0000
2201.531	2.0583	0.0000
2202.661	2.0583	0.0000
2203.792	2.0583	0.0000
2204.922	2.0583	0.0000
2206.053	2.0583	0.0000
2207.184	2.0583	0.0000
2208.314	2.0583	0.0000
2209.445	2.0583	0.0000
2210.575	2.0583	0.0000
2211.706	2.0583	0.0000
2212.836	2.0583	0.0000
2213.967	2.0583	0.0000
2215.098	2.0583	0.0000
2216.228	2.0583	0.0000
2217.359	2.0583	0.0000
2218.489	2.0583	0.0000
2219.620	2.0583	0.0000
2220.750	2.0583	0.0000
2221.881	2.0583	0.0000
2223.012	2.0583	0.0000
2224.142	2.0583	0.0000
2225.273	2.0583	0.0000
2226.403	2.0583	0.0000
2227.534	2.0583	0.0000
2228.664	2.0583	0.0000
2229.795	2.0583	0.0000
2230.925	2.0583	0.0000
2232.056	2.0583	0.0000
2233.187	2.0583	0.0000
2234.317	2.0583	0.0000
2235.448	2.0583	0.0000
2236.578	2.0582	0.0000
2237.709	2.0582	0.0000
2238.839	2.0582	0.0000
2239.970	2.0582	0.0000
2241.101	2.0582	0.0000
2242.231	2.0582	0.0000
2243.362	2.0582	0.0000
2244.492	2.0582	0.0000
2245.623	2.0582	0.0000
2246.753	2.0582	0.0000
2247.884	2.0582	0.0000
2249.015	2.0582	0.0000
2250.145	2.0582	0.0000
2251.276	2.0582	0.0000
2252.406	2.0582	0.0000
2253.537	2.0582	0.0000
2254.667	2.0582	0.0000
2255.798	2.0582	0.0000
2256.928	2.0582	0.0000
2258.059	2.0582	0.0000
2259.190	2.0582	0.0000
2260.320	2.0582	0.0000
2261.451	2.0582	0.0000
2262.581	2.0582	0.0000
2263.712	2.0582	0.0000
2264.842	2.0582	0.0000
2265.973	2.0582	0.0000
2267.104	2.0582	0.0000
2268.234	2.0582	0.0000
2269.365	2.0582	0.0000
2270.495	2.0582	0.0000
2271.626	2.0582	0.0000
2272.756	2.0582	0.0000
2273.887	2.0582	0.0000
2275.018	2.0582	0.0000
2276.148	2.0582	0.0000
2277.279	2.0582	0.0000
2278.409	2.0581	0.0000
2279.540	2.0581	0.0000
2280.670	2.0581	0.0000
2281.801	2.0581	0.0000
2282.931	2.0581	0.0000
2284.062	2.0581	0.0000
2285.193	2.0581	0.0000
2286.323	2.0581	0.0000
2287.454	2.0581	0.0000
2288.584	2.0581	0.0000
2289.715	2.0581	0.0000
2290.845	2.0581	0.0000
2291.976	2.0581	0.0000
2293.107	2.0581	0.0000
2294.237	2.0581	0.0000
2295.368	2.0581	0.0000
2296.498	2.0581	0.0000
2297.629	2.0581	0.0000
2298.759	2.0581	0.0000
2299.890	2.0581	0.0000
2301.021	2.0581	0.0000
2302.151	2.0581	0.0000
2303.282	2.0581	0.0000
2304.412	2.0581	0.0000
2305.543	2.0581	0.0000
2306.673	2.0581	0.0000
2307.804	2.0581	0.0000
2308.934	2.0581	0.0000
2310.065	2.0581	0.0000
2311.196	2.0581	0.0000
2312.326	2.0581	0.0000
2313.457	2.0581	0.0000
2314.587	2.0581	0.0000
2315.718	2.0581	0.0000
2316.848	2.0581	0.0000
2317.979	2.0581	0.0000
2319.110	2.0581	0.0000
2320.240	2.0581	0.0000
2321.371	2.0581	0.0000
2322.501	2.0580	0.0000
2323.632	2.0580	0.0000
2324.762	2.0580	0.0000
2325.893	2.0580	0.0000
2327.024	2.0580	0.0000
2328.154	2.0580	0.0000
2329.285	2.0580	0.0000
2330.415	2.0580	0.0000
2331.546	2.0580	0.0000
2332.676	2.0580	0.0000
2333.807	2.0580	0.0000
2334.937	2.0580	0.0000
2336.068	2.0580	0.0000
2337.199	2.0580	0.0000
2338.329	2.0580	0.0000
2339.460	2.0580	0.0000
2340.590	2.0580	0.0000
2341.721	2.0580	0.0000
2342.851	2.0580	0.0000
2343.982	2.0580	0.0000
2345.113	2.0580	0.0000
2346.243	2.0580	0.0000
2347.374	2.0580	0.0000
2348.504	2.0580	0.0000
2349.635	2.0580	0.0000
2350.765	2.0580	0.0000
2351.896	2.0580	0.0000
2353.027	2.0580	0.0000
2354.157	2.0580	0.0000
2355.288	2.0580	0.0000
2356.418	2.0580	0.0000
2357.549	2.0580	0.0000
2358.679	2.0580	0.0000
2359.810	2.0580	0.0000
2360.940	2.0580	0.0000
2362.071	2.0580	0.0000
2363.202	2.0580	0.0000
2364.332	2.0580	0.0000
2365.463	2.0580	0.0000
2366.593	2.0580	0.0000
2367.724	2.0580	0.0000
2368.854	2.0579	0.0000
2369.985	2.0579	0.0000
2371.116	2.0579	0.0000
2372.246	2.0579	0.0000
2373.377	2.0579	0.0000
2374.507	2.0579	0.0000
2375.638	2.0579	0.0000
2376.768	2.0579	0.0000
2377.899	2.0579	0.0000
2379.030	2.0579	0.0000
2380.160	2.0579	0.0000
2381.291	2.0579	0.0000
2382.421	2.0579	0.0000
2383.552	2.0579	0.0000
2384.682	2.0579	0.0000
2385.813	2.0579	0.0000
2386.943	2.0579	0.0000
2388.074	2.0579	0.0000
2389.205	2.0579	0.0000
2390.335	2.0579	0.0000
2391.466	2.0579	0.0000
2392.596	2.0579	0.0000
2393.727	2.0579	0.0000
2394.857	2.0579	0.0000
2395.988	2.0579	0.0000
2397.119	2.0579	0.0000
2398.249	2.0579	0.0000
2399.380	2.0579	0.0000
2400.510	2.0579	0.0000
2401.641	2.0579	0.0000
2402.771	2.0579	0.0000
2403.902	2.0579	0.0000
2405.033	2.0579	0.0000
2406.163	2.0579	0.0000
2407.294	2.0579	0.0000
2408.424	2.0579	0.0000
2409.555	2.0579	0.0000
2410.685	2.0579	0.0000
2411.816	2.0579	0.0000
2412.946	2.0579	0.0000
2414.077	2.0579	0.0000
2415.208	2.0579	0.0000
2416.338	2.0579	0.0000
2417.469	2.0579	0.0000
2418.599	2.0578	0.0000
2419.730	2.0578	0.0000
2420.860	2.0578	0.0000
2421.991	2.0578	0.0000
2423.122	2.0578	0.0000
2424.252	2.0578	0.0000
2425.383	2.0578	0.0000
2426.513	2.0578	0.0000
2427.644	2.0578	0.0000
2428.774	2.0578	0.0000
2429.905	2.0578	0.0000
2431.036	2.0578	0.0000
2432.166	2.0578	0.0000
2433.297	2.0578	0.0000
2434.427	2.0578	0.0000
2435.558	2.0578	0.0000
2436.688	2.0578	0.0000
2437.819	2.0578	0.0000
2438.949	2.0578	0.0000
2440.080	2.0578	0.0000
2441.211	2.0578	0.0000
2442.341	2.0578	0.0000
2443.472	2.0578	0.0000
2444.602	2.0578	0.0000
2445.733	2.0578	0.0000
2446.863	2.0578	0.0000
2447.994	2.0578	0.0000
2449.125	2.0578	0.0000
2450.255	2.0578	0.0000
2451.386	2.0578	0.0000
2452.516	2.0578	0.0000
2453.647	2.0578	0.0000
2454.777	2.0578	0.0000
2455.908	2.0578	0.0000
2457.039	2.0578	0.0000
2458.169	2.0578	0.0000
2459.300	2.0578	0.0000
2460.430	2.0578	0.0000
2461.561	2.0578	0.0000
2462.691	2.0578	0.0000
2463.822	2.0578	0.0000
2464.952	2.0578	0.0000
2466.083	2.0578	0.0000
2467.214	2.0578	0.0000
2468.344	2.0578	0.0000
2469.475	2.0578	0.0000
2470.605	2.0578	0.0000
2471.736	2.0577	0.0000
2472.866	2.0577	0.0000
2473.997	2.0577	0.0000
2475.128	2.0577	0.0000
2476.258	2.0577	0.0000
2477.389	2.0577	0.0000
2478.519	2.0577	0.0000
2479.650	2.0577	0.0000
2480.780	2.0577	0.0000
2481.911	2.0577	0.0000
2483.042	2.0577	0.0000
2484.172	2.0577	0.0000
2485.303	2.0577	0.0000
2486.433	2.0577	0.0000
2487.564	2.0577	0.0000
2488.694	2.0577	0.0000
2489.825	2.0577	0.0000
2490.955	2.0577	0.0000
2492.086	2.0577	0.0000
2493.217	2.0577	0.0000
2494.347	2.0577	0.0000
2495.478	2.0577	0.0000
2496.608	2.0577	0.0000
2497.739	2.0577	0.0000
2498.869	2.0577	0.0000
2500.000	2.0577	0.0000
